('input matrix=', array([[28.7967, 16.0021, 2.6449, ..., -8.2027, 40.0920, 81.8828],
       [31.6036, 11.7235, 2.5185, ..., -9.9574, 6.3609, 205.2610],
       [162.0520, 136.0310, 4.0612, ..., -45.2160, 76.9600, 256.7880],
       ...,
       [75.4455, 47.5305, 3.4483, ..., -9.4662, 30.2987, 256.5166],
       [120.5135, 76.9018, 3.9939, ..., -63.8389, 84.6874, 408.3166],
       [187.1814, 53.0014, 3.2093, ..., 31.4755, 52.7310, 272.3174]]))


problem1:

('c1=\n', array([[1794.6866, 598.8321, 14.0635, -4.8867, -2.8002, -924.3855,
        -258.7136, 11.8134, -9.7063, 1324.7945],
       [598.8321, 336.5601, 6.2208, -2.0450, -1.1782, -289.9571,
        -164.8851, 15.1853, 31.6350, 461.7619],
       [14.0635, 6.2208, 0.2233, -0.0735, -0.0422, -4.4728, 2.2934,
        0.1521, -2.3028, 15.4347],
       [-4.8867, -2.0450, -0.0735, 0.0334, 0.0197, 1.2151, -1.1365,
        -0.0430, 1.1227, -4.4854],
       [-2.8002, -1.1782, -0.0422, 0.0197, 0.0122, 0.6553, -0.6694,
        -0.0252, 0.6629, -2.5157],
       [-924.3855, -289.9571, -4.4728, 1.2151, 0.6553, 3505.1735,
        827.4392, 3.1478, -86.0618, -914.6426],
       [-258.7136, -164.8851, 2.2934, -1.1365, -0.6694, 827.4392,
        2600.8753, -18.2654, -247.9720, 141.1077],
       [11.8134, 15.1853, 0.1521, -0.0430, -0.0252, 3.1478, -18.2654,
        433.7594, 2.5329, 17.7843],
       [-9.7063, 31.6350, -2.3028, 1.1227, 0.6629, -86.0618, -247.9720,
        2.5329, 681.3632, -430.2306],
       [1324.7945, 461.7619, 15.4347, -4.4854, -2.5157, -914.6426,
        141.1077, 17.7843, -430.2306, 5584.5464]]))
('c2=\n', array([[1794.6866, 598.8321, 14.0635, -4.8867, -2.8002, -924.3855,
        -258.7136, 11.8134, -9.7063, 1324.7945],
       [598.8321, 336.5601, 6.2208, -2.0450, -1.1782, -289.9571,
        -164.8851, 15.1853, 31.6350, 461.7619],
       [14.0635, 6.2208, 0.2233, -0.0735, -0.0422, -4.4728, 2.2934,
        0.1521, -2.3028, 15.4347],
       [-4.8867, -2.0450, -0.0735, 0.0334, 0.0197, 1.2151, -1.1365,
        -0.0430, 1.1227, -4.4854],
       [-2.8002, -1.1782, -0.0422, 0.0197, 0.0122, 0.6553, -0.6694,
        -0.0252, 0.6629, -2.5157],
       [-924.3855, -289.9571, -4.4728, 1.2151, 0.6553, 3505.1735,
        827.4392, 3.1478, -86.0618, -914.6426],
       [-258.7136, -164.8851, 2.2934, -1.1365, -0.6694, 827.4392,
        2600.8753, -18.2654, -247.9720, 141.1077],
       [11.8134, 15.1853, 0.1521, -0.0430, -0.0252, 3.1478, -18.2654,
        433.7594, 2.5329, 17.7843],
       [-9.7063, 31.6350, -2.3028, 1.1227, 0.6629, -86.0618, -247.9720,
        2.5329, 681.3632, -430.2306],
       [1324.7945, 461.7619, 15.4347, -4.4854, -2.5157, -914.6426,
        141.1077, 17.7843, -430.2306, 5584.5464]]))
('c1=c2', array([[ True,  True,  True,  True,  True,  True,  True,  True,  True,
         True],
       [ True,  True,  True,  True,  True,  True,  True,  True,  True,
         True],
       [ True,  True,  True,  True,  True,  True,  True,  True,  True,
         True],
       [ True,  True,  True,  True,  True,  True,  True,  True,  True,
         True],
       [ True,  True,  True,  True,  True,  True,  True,  True,  True,
         True],
       [ True,  True,  True,  True,  True,  True,  True,  True,  True,
         True],
       [ True,  True,  True,  True,  True,  True,  True,  True,  True,
         True],
       [ True,  True,  True,  True,  True,  True,  True,  True,  True,
         True],
       [ True,  True,  True,  True,  True,  True,  True,  True,  True,
         True],
       [ True,  True,  True,  True,  True,  True,  True,  True,  True,
         True]]))


problem2:

('eigvec1=', array([-0.3278, -0.1138, -0.0031, 0.0009, 0.0005, 0.3807, 0.0717, -0.0034,
       0.0535, -0.8524]))
('eigvec2=', array([-0.1344, -0.0539, 0.0007, -0.0003, -0.0002, 0.6939, 0.5626,
       -0.0010, -0.1184, 0.4086]))
('reduced data=', array([[-66.7709, 55.5982],
       [-174.5883, 109.8916],
       [-243.4405, 111.2804],
       ...,
       [-247.7793, 105.1548],
       [-396.0718, 87.9692],
       [-372.5816, -133.8797]]))
('covariance matrix=', array([[6579.4455, -0.0000],
       [-0.0000, 3853.6679]]))
('variance=', 10433.1133189339)
('variance=eigv1+eigv2', True)
('eigvals=', array([6579.4455, 3853.6679, 2016.2771, 1326.6899, 610.1552, 433.5764,
       117.3239, 0.0864, 0.0107, 0.0004]))
('eigvectors=', array([[-0.3278, -0.1344, 0.0655, 0.8640, 0.0946, -0.0199, 0.3382,
        0.0040, -0.0005, 0.0000],
       [-0.1138, -0.0539, -0.0190, 0.3198, -0.0198, 0.0233, -0.9383,
        0.0134, 0.0007, -0.0001],
       [-0.0031, 0.0007, 0.0011, 0.0069, 0.0027, 0.0001, -0.0109,
        -0.9278, -0.3722, 0.0226],
       [0.0009, -0.0003, -0.0005, -0.0026, -0.0015, -0.0000, 0.0031,
        0.3220, -0.7692, 0.5519],
       [0.0005, -0.0002, -0.0003, -0.0015, -0.0009, -0.0000, 0.0018,
        0.1880, -0.5194, -0.8336],
       [0.3807, 0.6939, -0.5401, 0.2851, -0.0055, -0.0088, 0.0220,
        0.0005, -0.0001, -0.0000],
       [0.0717, 0.5626, 0.8131, 0.0759, -0.1022, 0.0099, -0.0292, 0.0017,
        -0.0001, 0.0000],
       [-0.0034, -0.0010, -0.0125, 0.0119, -0.0098, 0.9994, 0.0298,
        -0.0001, -0.0000, -0.0000],
       [0.0535, -0.1184, -0.0531, 0.0925, -0.9842, -0.0129, 0.0533,
        -0.0033, 0.0006, -0.0000],
       [-0.8524, 0.4086, -0.1988, -0.2355, -0.1066, -0.0033, 0.0059,
        0.0006, 0.0003, -0.0000]]))


problem3:

('eigvec12=', array([[-0.3278, -0.1344],
       [-0.1138, -0.0539],
       [-0.0031, 0.0007],
       [0.0009, -0.0003],
       [0.0005, -0.0002],
       [0.3807, 0.6939],
       [0.0717, 0.5626],
       [-0.0034, -0.0010],
       [0.0535, -0.1184],
       [-0.8524, 0.4086]]))
('eigvec12t=', array([[-0.3278, -0.1138, -0.0031, 0.0009, 0.0005, 0.3807, 0.0717,
        -0.0034, 0.0535, -0.8524],
       [-0.1344, -0.0539, 0.0007, -0.0003, -0.0002, 0.6939, 0.5626,
        -0.0010, -0.1184, 0.4086]]))
('projection matrix=', array([[0.1255, 0.0446, 0.0009, -0.0003, -0.0002, -0.2181, -0.0991,
        0.0012, -0.0016, 0.2245],
       [0.0446, 0.0159, 0.0003, -0.0001, -0.0001, -0.0807, -0.0385,
        0.0004, 0.0003, 0.0750],
       [0.0009, 0.0003, 0.0000, -0.0000, -0.0000, -0.0007, 0.0002,
        0.0000, -0.0002, 0.0029],
       [-0.0003, -0.0001, -0.0000, 0.0000, 0.0000, 0.0002, -0.0001,
        -0.0000, 0.0001, -0.0009],
       [-0.0002, -0.0001, -0.0000, 0.0000, 0.0000, 0.0001, -0.0000,
        -0.0000, 0.0000, -0.0005],
       [-0.2181, -0.0807, -0.0007, 0.0002, 0.0001, 0.6264, 0.4177,
        -0.0020, -0.0617, -0.0410],
       [-0.0991, -0.0385, 0.0002, -0.0001, -0.0000, 0.4177, 0.3217,
        -0.0008, -0.0628, 0.1688],
       [0.0012, 0.0004, 0.0000, -0.0000, -0.0000, -0.0020, -0.0008,
        0.0000, -0.0001, 0.0025],
       [-0.0016, 0.0003, -0.0002, 0.0001, 0.0000, -0.0617, -0.0628,
        -0.0001, 0.0169, -0.0940],
       [0.2245, 0.0750, 0.0029, -0.0009, -0.0005, -0.0410, 0.1688,
        0.0025, -0.0940, 0.8936]]))
('projected datapoints=', array([[14.4156, 4.6034, 0.2410, ..., 0.1679, -10.1551, 79.6370],
       [42.4621, 13.9485, 0.6068, ..., 0.4756, -22.3535, 193.7299],
       [64.8460, 21.7098, 0.8185, ..., 0.7065, -26.2043, 252.9890],
       ...,
       [67.0916, 22.5336, 0.8277, ..., 0.7275, -25.7116, 254.1843],
       [118.0136, 40.3368, 1.2703, ..., 1.2456, -31.6174, 373.5700],
       [140.1311, 49.6174, 1.0521, ..., 1.3953, -4.1036, 262.8897]]))
('MSE=', 4504.120007692385)
('sum of 8 eigen vaulues=', 4504.120007692386)
('Error=Sum of 8 eigen values', True)


problem4:

('U\xc3\xb0\xef\xbe\x9d\xef\xbe\x9a\xef\xbe\xb2\xc3\xb0\xef\xbe\x9d\xef\xbe\x90\xef\xbe\x94^\xc3\xb0\xef\xbe\x9d\xef\xbe\x91\xef\xbe\x87=', array([[-0.3278, -0.1344, 0.0655, 0.8640, 0.0946, -0.0199, 0.3382,
        0.0040, -0.0005, 0.0000],
       [-0.1138, -0.0539, -0.0190, 0.3198, -0.0198, 0.0233, -0.9383,
        0.0134, 0.0007, -0.0001],
       [-0.0031, 0.0007, 0.0011, 0.0069, 0.0027, 0.0001, -0.0109,
        -0.9278, -0.3722, 0.0226],
       [0.0009, -0.0003, -0.0005, -0.0026, -0.0015, -0.0000, 0.0031,
        0.3220, -0.7692, 0.5519],
       [0.0005, -0.0002, -0.0003, -0.0015, -0.0009, -0.0000, 0.0018,
        0.1880, -0.5194, -0.8336],
       [0.3807, 0.6939, -0.5401, 0.2851, -0.0055, -0.0088, 0.0220,
        0.0005, -0.0001, -0.0000],
       [0.0717, 0.5626, 0.8131, 0.0759, -0.1022, 0.0099, -0.0292, 0.0017,
        -0.0001, 0.0000],
       [-0.0034, -0.0010, -0.0125, 0.0119, -0.0098, 0.9994, 0.0298,
        -0.0001, -0.0000, -0.0000],
       [0.0535, -0.1184, -0.0531, 0.0925, -0.9842, -0.0129, 0.0533,
        -0.0033, 0.0006, -0.0000],
       [-0.8524, 0.4086, -0.1988, -0.2355, -0.1066, -0.0033, 0.0059,
        0.0006, 0.0003, -0.0000]]), '*', array([[6579.4455, 0.0000, 0.0000, 0.0000, 0.0000, 0.0000, 0.0000,
        0.0000, 0.0000, 0.0000],
       [0.0000, 3853.6679, 0.0000, 0.0000, 0.0000, 0.0000, 0.0000,
        0.0000, 0.0000, 0.0000],
       [0.0000, 0.0000, 2016.2771, 0.0000, 0.0000, 0.0000, 0.0000,
        0.0000, 0.0000, 0.0000],
       [0.0000, 0.0000, 0.0000, 1326.6899, 0.0000, 0.0000, 0.0000,
        0.0000, 0.0000, 0.0000],
       [0.0000, 0.0000, 0.0000, 0.0000, 610.1552, 0.0000, 0.0000, 0.0000,
        0.0000, 0.0000],
       [0.0000, 0.0000, 0.0000, 0.0000, 0.0000, 433.5764, 0.0000, 0.0000,
        0.0000, 0.0000],
       [0.0000, 0.0000, 0.0000, 0.0000, 0.0000, 0.0000, 117.3239, 0.0000,
        0.0000, 0.0000],
       [0.0000, 0.0000, 0.0000, 0.0000, 0.0000, 0.0000, 0.0000, 0.0864,
        0.0000, 0.0000],
       [0.0000, 0.0000, 0.0000, 0.0000, 0.0000, 0.0000, 0.0000, 0.0000,
        0.0107, 0.0000],
       [0.0000, 0.0000, 0.0000, 0.0000, 0.0000, 0.0000, 0.0000, 0.0000,
        0.0000, 0.0004]]), '*', array([[-0.3278, -0.1138, -0.0031, 0.0009, 0.0005, 0.3807, 0.0717,
        -0.0034, 0.0535, -0.8524],
       [-0.1344, -0.0539, 0.0007, -0.0003, -0.0002, 0.6939, 0.5626,
        -0.0010, -0.1184, 0.4086],
       [0.0655, -0.0190, 0.0011, -0.0005, -0.0003, -0.5401, 0.8131,
        -0.0125, -0.0531, -0.1988],
       [0.8640, 0.3198, 0.0069, -0.0026, -0.0015, 0.2851, 0.0759, 0.0119,
        0.0925, -0.2355],
       [0.0946, -0.0198, 0.0027, -0.0015, -0.0009, -0.0055, -0.1022,
        -0.0098, -0.9842, -0.1066],
       [-0.0199, 0.0233, 0.0001, -0.0000, -0.0000, -0.0088, 0.0099,
        0.9994, -0.0129, -0.0033],
       [0.3382, -0.9383, -0.0109, 0.0031, 0.0018, 0.0220, -0.0292,
        0.0298, 0.0533, 0.0059],
       [0.0040, 0.0134, -0.9278, 0.3220, 0.1880, 0.0005, 0.0017, -0.0001,
        -0.0033, 0.0006],
       [-0.0005, 0.0007, -0.3722, -0.7692, -0.5194, -0.0001, -0.0001,
        -0.0000, 0.0006, 0.0003],
       [0.0000, -0.0001, 0.0226, 0.5519, -0.8336, -0.0000, 0.0000,
        -0.0000, -0.0000, -0.0000]]))


problem5:

('reducedA with alpha=0.5 ', array([[-66.7709, 55.5982],
       [-174.5883, 109.8916],
       [-243.4405, 111.2804],
       ...,
       [-247.7793, 105.1548],
       [-396.0718, 87.9692],
       [-372.5816, -133.8797]]))
('reducedA with alpha=0.8 ', array([[-66.7709, 55.5982, -13.7829],
       [-174.5883, 109.8916, -33.9871],
       [-243.4405, 111.2804, -162.3231],
       ...,
       [-247.7793, 105.1548, -10.0070],
       [-396.0718, 87.9692, -157.6166],
       [-372.5816, -133.8797, -92.6848]]))


problem6:

('co-ordinate of 10 data points as new basis=', array([[-66.7709, 55.5982, -13.7829, 23.9109],
       [-174.5883, 109.8916, -33.9871, -7.4999],
       [-243.4405, 111.2804, -162.3231, 158.0112],
       [-97.9336, 58.0037, -42.2440, 4.3114],
       [-331.9000, 145.5581, -40.8442, -7.8403],
       [-199.6764, 148.3842, -37.0247, 13.5484],
       [-198.3416, 108.9141, -14.7609, 1.5652],
       [-199.6939, 124.5410, -45.0244, -18.2401],
       [-200.2271, 209.8034, -35.1644, 78.4727],
       [-91.2157, 75.6198, 4.4225, 32.2359]]))
>>> 
